11.5367 -4.9977 -0.777453 4.5143 1.78313 1.67006 4.75558 0 0.929158 
6.10322 -5.11333 -0.785397 3.93899 1.7145 1.63757 4.77536 0 0.899862 
3.16756 -4.88586 -0.881835 3.66667 1.68592 1.55759 4.69393 0 0.836206 
20.6441 6.23786 -1.32977 3.71546 1.55589 1.3837 3.19332 0 0.803744 
26.3934 6.01747 -1.42938 4.06688 1.58874 1.39474 3.11277 0 0.628656 
52.6122 -4.40967 -0.672169 4.14121 1.64087 1.57902 4.18717 0 0.490105 
4.7759 -11.5953 -0.555023 0.73197 0.657408 1.71558 2.39236 1 0.479334 
11.2932 6.51498 -1.24905 1.82595 0.574646 1.57003 5.34636 2 0.368902 
12.8508 6.22387 -1.23975 1.69152 0.594907 1.6359 5.44184 2 0.343296 
15.8095 -21.7277 0.275979 0.479588 0.606252 1.81 1.63588 1 0.29575 
9.01637 22.681 -0.653713 1.85234 0.650798 1.86769 1.47256 2 0.278338 
30.6401 5.57638 -1.42158 1.59415 0.490036 1.64853 3.0002 2 0.276359 
28.1978 -6.21179 -0.585195 1.86852 0.624775 1.9053 1.08605 2 0.263958 
16.6549 5.95052 -1.22246 1.69604 0.543504 1.70383 3.07544 2 0.246905 
25.6954 -13.6324 -0.121271 0.785905 0.663362 1.78488 3.56537 1 0.237878 
17.0492 -13.3501 0.109111 0.785548 0.679598 1.75394 5.80239 1 0.225731 
61.8231 0.123372 -1.13159 4.07041 1.67823 1.50766 3.26185 0 0.225483 
14.3785 5.97944 -1.23689 1.72038 0.573947 1.64072 5.53808 2 0.210889 
9.03968 -13.0795 -0.000709727 0.767586 0.588257 1.78677 1.52794 1 0.200959 
36.3509 -19.6957 0.227594 0.810934 0.650902 1.83342 5.56223 1 0.199122 
31.472 -14.6676 0.073907 0.733744 0.626841 1.82347 6.07991 1 0.191877 
32.1203 -14.0115 0.00353651 0.604653 0.669062 1.78674 2.08407 1 0.19006 
15.1788 -20.7647 0.033948 0.448901 0.595015 1.61128 1.88449 1 0.189367 
25.7576 -25.9026 0.442913 0.722741 0.686267 1.74333 5.35854 1 0.188321 
17.1176 -22.2742 -0.00120324 0.601779 0.602843 1.67385 1.68243 1 0.171913 
38.0293 5.95259 -1.43679 4.11252 1.59822 1.46231 3.15163 0 0.158513 
6.43316 12.3869 -1.19983 1.91746 0.489177 1.69383 5.76899 2 0.155714 
32.0145 -15.2973 -0.0167876 0.543933 0.641291 1.79821 1.97846 1 0.143938 
6.07468 12.04 -1.27108 1.83283 0.461098 1.72519 5.77808 2 0.142967 
6.73397 5.88443 -1.14496 0.846552 0.58629 1.78927 4.3627 1 0.141412 
14.6933 -5.03271 -0.871323 4.00191 1.5983 1.51369 4.96914 0 0.133618 
9.37184 -6.20176 -0.445519 0.895328 0.708726 1.97976 3.05913 1 0.131292 
10.328 30.7089 -0.616714 0.550256 0.569598 1.74627 6.27469 1 0.131146 
19.2834 -6.238 -0.576813 0.606945 0.637659 1.95415 3.0909 1 0.125577 
0.912962 -6.48601 -0.833683 0.927237 0.519857 1.80398 1.15044 1 0.117832 
54.9417 -8.81485 -0.94573 4.35195 1.70103 1.52145 2.47416 0 0.116868 
25.0622 -28.4055 0.656627 0.532039 0.561384 1.71341 2.01671 1 0.112928 
24.825 -23.3401 0.0649725 0.572168 0.706049 1.6775 5.81578 1 0.111272 
34.675 -16.609 -0.512622 1.62542 0.366645 1.65316 6.57216 2 0.110499 
7.07985 -29.0281 0.306634 0.573528 0.662263 1.69841 5.2239 1 0.109642 
14.1402 -23.0638 0.0900078 0.599507 0.623741 1.63093 1.84075 1 0.108496 
12.2011 -27.1702 0.251882 0.582369 0.70091 1.72718 5.5643 1 0.104761 
21.1861 11.3834 -0.920311 0.9649 0.677076 2.10152 3.73481 1 0.10404 
12.8556 -26.4569 0.176922 0.600908 0.619444 1.72119 1.35096 1 0.103863 
5.35227 -35.4875 0.528239 1.68579 0.517212 1.67899 5.91646 2 0.103454 
19.9797 -26.2874 0.258245 0.598508 0.639551 1.72113 2.0094 1 0.102849 
51.775 13.6842 -0.973702 0.450148 0.645664 1.8106 6.98588 1 0.100856 
