36.5927 2.03734 -0.652921 1.93637 0.663229 1.77915 4.96779 2 0.363279 
20.7673 11.4137 -0.445886 4.41279 1.68315 1.59805 3.37321 0 0.311202 
45.7207 23.6257 -0.559354 1.82347 0.704287 1.87838 4.83446 2 0.192146 
4.56082 1.467 -0.913221 0.657017 0.551861 1.6505 2.98133 1 0.168487 
4.81258 3.3792 -0.768316 0.877741 0.607038 1.82169 6.04397 1 0.155214 
10.6645 17.5666 -0.196983 4.17243 1.5726 1.76778 1.42202 0 0.148472 
10.7289 10.7685 -0.116998 3.62966 1.60312 1.70847 2.67862 0 0.146846 
20.448 27.0825 -0.618979 3.94039 1.64428 1.48915 3.14693 0 0.142874 
68.5831 -4.97644 -0.0526068 4.2634 1.59073 1.49856 3.23723 0 0.140339 
6.34666 -5.66216 -1.23259 0.47262 0.320041 1.08726 3.2756 1 0.130133 
48.3303 34.7113 -0.357959 1.84704 0.709867 1.83251 5.26902 2 0.126641 
3.28201 12.421 -0.329801 0.729229 0.583827 1.69243 6.09003 1 0.125087 
68.4842 -0.783592 -0.257272 4.07496 1.62417 1.47865 5.90972 0 0.122406 
13.3561 5.33315 -0.647805 1.65479 0.535906 1.63636 6.00517 2 0.121607 
9.38489 -6.64151 -0.652913 0.910452 0.619524 1.90596 4.49646 1 0.120959 
11.9115 8.26866 -0.537199 0.724065 0.595426 1.71396 4.51248 1 0.120368 
15.0816 2.0741 -0.737641 1.70122 0.428855 1.66038 5.62526 2 0.118026 
6.74672 11.4527 -0.245275 0.554048 0.556383 1.61391 1.58928 1 0.112745 
15.4057 2.78082 -0.64809 1.90463 0.585166 1.67965 5.77242 2 0.108189 
2.58509 9.57477 -0.35581 0.745323 0.57846 1.6904 4.85961 1 0.107131 
