5.31829 -6.66235 -0.733609 3.87748 1.68479 1.52863 4.8953 0 0.916511 
23.8594 -1.34418 -0.821135 3.94565 1.72109 1.57317 6.4043 0 0.914767 
20.3295 13.7068 -1.16782 4.23877 1.66746 1.81609 3.2018 0 0.782124 
20.9189 -4.89462 -0.657584 0.835847 0.585748 1.68432 4.30507 1 0.536218 
6.62974 -12.0724 -0.563143 4.28334 1.70182 1.77333 4.96996 0 0.484541 
18.9529 -24.9595 -0.0814879 3.76461 1.63416 1.63002 6.98001 0 0.463402 
48.6675 0.0697144 -0.808629 3.85909 1.66168 1.6607 6.33292 0 0.45436 
27.6156 6.07555 -0.666923 0.836515 0.640118 1.98009 3.39149 1 0.447635 
25.0157 7.48987 -0.845906 0.943831 0.639648 1.82358 6.66332 1 0.418057 
26.8425 -14.6414 0.374372 1.76064 0.558066 1.82756 5.71383 2 0.297421 
8.755 -20.9586 -0.110461 4.08584 1.68456 1.66172 4.9676 0 0.286699 
18.3946 4.75773 -0.911663 1.72535 0.600019 1.65712 4.49302 2 0.280559 
19.4061 -6.50472 -0.592629 0.783309 0.584035 1.68229 2.28347 1 0.226218 
18.0116 -22.1288 0.0453938 0.315939 0.473289 1.88423 1.06666 1 0.221498 
0.355211 20.5313 -1.17823 3.76491 1.64007 1.53865 4.78578 0 0.218436 
17.7166 5.97775 -0.920063 0.886102 0.629203 1.72192 1.07643 1 0.213537 
42.7585 6.57301 -0.963456 1.74174 0.512818 1.74865 6.01541 2 0.202694 
17.737 -29.046 0.123985 0.55134 0.764484 1.7765 5.88941 1 0.200959 
20.1674 -8.89841 -0.5567 0.789664 0.606912 1.68665 6.33863 1 0.186972 
23.5447 6.96372 -0.910444 1.69943 0.458588 1.7242 5.90387 2 0.163438 
20.623 7.66319 -0.685077 1.00391 0.662767 2.01335 3.70043 1 0.160731 
26.8821 5.59194 -0.802202 0.793984 0.628365 1.82056 2.70554 1 0.155163 
26.4476 14.0257 -0.651992 4.22281 1.78316 1.98803 6.30072 0 0.139574 
28.5711 15.0052 -0.824093 0.433593 0.569524 1.92836 6.6488 1 0.128223 
25.4031 -31.7328 0.861408 1.55033 0.449368 1.67497 2.74867 2 0.127843 
15.5096 13.0281 -1.46372 0.552787 0.387231 1.21411 3.66521 1 0.126626 
20.2193 -34.8174 0.187021 3.6773 1.59911 1.53208 7.02518 0 0.124854 
23.1752 24.3193 -0.686185 0.403121 0.653926 1.80866 4.04042 1 0.116279 
25.0297 -32.6522 0.805598 1.70015 0.656351 1.73206 4.89522 2 0.114245 
22.737 -21.0375 0.112207 0.720448 0.636137 1.79867 2.92468 1 0.111868 
20.5585 -6.25317 -0.700726 0.743421 0.55551 1.6285 2.17854 1 0.110886 
23.9815 -25.4766 0.114276 0.595163 0.60217 1.785 2.82884 1 0.109368 
1.93731 -7.74234 -0.534811 4.13681 1.66941 1.9739 5.30239 0 0.107971 
6.0676 31.3154 -0.510032 1.97716 0.586208 1.67268 5.25721 2 0.107895 
24.8126 34.9505 -0.358615 1.70232 0.651274 1.85181 5.07054 2 0.106052 
22.4925 -15.6111 -0.0693712 0.462223 0.503248 1.77628 1.33633 1 0.104326 
8.11782 16.2164 -1.63688 0.493216 0.382726 1.26993 3.76602 1 0.102664 
14.0231 23.1657 -0.515473 3.45608 1.64911 1.58183 6.02498 0 0.102278 
18.0212 7.23922 -1.08021 1.73224 0.586848 1.64102 1.21027 2 0.100552 
