8.78875 -2.34496 -0.637023 1.06035 0.644803 1.92933 1.87729 1 0.551921 
16.0418 17.4968 -0.778107 0.637478 0.574108 1.58001 1.28544 1 0.470631 
2.22672 5.41504 -0.677284 0.906493 0.659805 1.9832 1.95978 1 0.466732 
3.41169 5.85573 -0.679186 0.95269 0.572435 1.85401 3.33291 1 0.446697 
2.64818 3.17758 -0.810353 0.915478 0.707185 1.87961 3.71081 1 0.437763 
6.32279 -3.41019 -1.05528 0.681549 0.385697 1.26993 3.10322 1 0.421063 
15.4784 14.8604 -0.675263 0.815701 0.554137 1.64597 3.58393 1 0.359982 
9.01513 -8.91108 -0.655713 1.69342 0.438407 1.70617 6.00598 2 0.355634 
3.88838 4.75097 -0.70554 0.823856 0.56938 1.93416 5.26369 1 0.341471 
21.1821 -20.0672 -0.32189 0.431518 0.545202 1.89536 6.86883 1 0.324592 
8.8657 14.2755 -0.647704 3.51054 1.6151 1.63482 1.48318 0 0.305782 
24.2736 -22.9386 -0.189835 0.47152 0.568039 1.82384 4.48361 1 0.29106 
4.82445 16.3148 -0.56175 1.0244 0.603437 1.86723 2.25363 1 0.279811 
13.2461 -8.37896 -0.714948 1.8122 0.653126 1.67275 1.18357 2 0.267585 
15.7785 8.46971 -0.632113 0.818709 0.64281 1.69681 2.82155 1 0.251004 
7.68919 -6.27298 -0.819467 1.79005 0.545375 1.57355 5.26789 2 0.239873 
16.4048 -2.10891 -0.792714 1.66532 0.588294 1.57532 1.08309 2 0.234765 
1.62091 -4.01482 -0.91603 0.898775 0.654698 1.72029 4.25159 1 0.224117 
16.3351 12.4663 -0.566166 0.954374 0.583717 1.76536 6.76467 1 0.207738 
0.984727 13.9806 -0.602755 0.792398 0.591251 1.76697 4.90713 1 0.203306 
14.7444 -0.923557 -0.671375 0.878773 0.58482 1.75471 4.37999 1 0.194239 
2.42379 11.677 -0.668007 1.80095 0.650076 1.66476 5.73654 2 0.19052 
14.8118 2.05847 -0.603194 1.76216 0.743962 1.79839 6.34864 2 0.190304 
3.50429 16.5415 -0.578275 0.854937 0.578857 1.76696 3.11216 1 0.188716 
20.0453 -6.8354 -0.793068 0.745873 0.568155 1.57698 6.17015 1 0.169658 
20.2424 -3.68195 -0.628072 1.77661 0.631614 1.73023 4.72157 2 0.169447 
22.9125 16.914 -0.763727 0.892157 0.655704 1.65175 3.30039 1 0.167729 
16.6219 -0.104771 -0.821718 0.792512 0.516172 1.5537 3.88121 1 0.165881 
16.1261 -3.46226 -0.750752 0.817915 0.567203 1.69291 5.86372 1 0.163019 
13.4411 -6.62878 -0.715901 0.833865 0.56916 1.73205 1.86107 1 0.162438 
5.15069 -4.67201 -0.864758 1.66203 0.580457 1.69268 5.78434 2 0.159288 
15.0799 10.1371 -0.566112 0.858268 0.634706 1.69707 2.94788 1 0.151608 
1.9315 14.9371 -0.688898 1.74066 0.660435 1.5018 6.07882 2 0.151415 
9.27529 -12.97 -0.686028 0.630261 0.612082 1.74691 1.46866 1 0.149374 
14.1275 -3.36365 -0.74704 0.833152 0.585875 1.70215 2.12124 1 0.149327 
4.94462 -7.81464 -0.956981 0.585229 0.581606 1.64456 5.84985 1 0.148786 
12.7158 5.69282 -0.796469 1.59612 0.556695 1.51327 3.07145 2 0.147331 
15.8033 -5.03235 -0.840152 0.747669 0.474795 1.56368 4.21931 1 0.146524 
7.41225 15.91 -0.660628 0.924691 0.545608 1.72357 4.66676 1 0.14451 
20.2501 -18.5506 -0.246107 0.450611 0.668487 1.96885 2.72985 1 0.142458 
15.431 16.231 -0.5974 0.904764 0.541718 1.7634 3.9154 1 0.140813 
24.8185 24.9458 -0.710674 0.631763 0.638363 1.76709 6.87139 1 0.138749 
19.9323 0.0961296 -0.534831 0.865782 0.630356 1.82108 6.6617 1 0.138654 
19.946 1.11731 -0.541825 0.82245 0.625404 1.79241 3.37245 1 0.138282 
6.16171 -7.81403 -0.689484 0.795184 0.634318 1.86576 2.83951 1 0.137489 
14.3794 -4.97915 -0.650118 0.726922 0.610231 1.81505 2.87646 1 0.13501 
15.6366 6.93942 -0.527385 0.959294 0.545974 1.80962 6.80812 1 0.132856 
30.2189 30.2073 -0.675475 3.93799 1.5473 1.42712 0.897155 0 0.130727 
13.5539 -4.96521 -0.846234 0.700281 0.605802 1.59727 2.43459 1 0.129237 
0.130942 -1.82469 -0.948692 3.86363 1.67732 1.60142 3.58112 0 0.126776 
16.9959 15.0186 -0.620753 0.90168 0.599494 1.69857 1.39538 1 0.126671 
15.4432 7.51072 -0.607966 0.809322 0.601794 1.71119 3.74544 1 0.12624 
12.5176 -11.0093 -0.626923 0.90808 0.509142 1.82202 0.99965 1 0.119816 
5.41202 15.583 -0.632728 0.85461 0.61714 1.79919 4.60496 1 0.117619 
15.0749 9.17023 -0.60601 0.814231 0.608408 1.71943 3.01944 1 0.113237 
13.7975 -4.04681 -0.758843 0.674362 0.627211 1.68949 4.01626 1 0.109875 
4.00479 -5.03492 -0.935356 0.731172 0.6987 1.54453 5.33716 1 0.108804 
16.9926 3.02612 -0.820867 0.844881 0.497685 1.58425 3.93277 1 0.108341 
16.069 13.1495 -0.599455 0.785576 0.654353 1.73694 4.33426 1 0.105062 
44.3 -4.06154 0.706424 0.392142 0.531374 1.86645 2.39733 1 0.103199 
3.29368 -3.73133 -1.12514 0.670591 0.562728 1.43265 3.0022 1 0.101524 
6.98608 15.2309 -0.521039 0.932928 0.589088 1.78592 1.99862 1 0.100214 
