13.0034 -4.33033 -0.826933 4.22927 1.76998 1.72954 6.19223 0 0.943615 
24.6511 -5.38821 -1.0745 4.43549 1.69947 1.46087 6.24447 0 0.927416 
12.52 4.29387 -0.592014 1.06021 0.652015 1.9227 6.43012 1 0.654266 
42.78 0.879708 -0.760787 0.695611 0.640557 1.82558 5.0494 1 0.41182 
39.7021 -4.05571 -1.02455 4.45222 1.7614 1.58827 6.11581 0 0.377053 
27.7137 2.1508 -0.803546 0.719083 0.740044 1.8817 5.95284 1 0.335882 
6.38844 -17.9326 -0.681761 0.816 0.609037 1.77866 2.09842 1 0.323176 
33.2257 -6.61891 -1.03383 3.64686 1.59203 1.49494 6.22889 0 0.310101 
12.4624 10.0653 -0.676943 0.723513 0.55769 1.73199 6.27898 1 0.258129 
11.0596 9.51379 -0.729851 1.67531 0.520432 1.65337 5.70984 2 0.24645 
22.4345 6.67951 -0.953186 3.87793 1.58815 1.50666 2.8236 0 0.231681 
43.386 -21.0709 -0.690855 0.623843 0.690522 1.82688 4.39714 1 0.22511 
24.0337 3.15327 -0.775679 0.924736 0.636227 1.87098 2.9008 1 0.22299 
33.124 6.02461 -0.874375 1.73929 0.685974 1.84801 1.27718 2 0.219717 
12.8724 -14.962 -0.852622 1.65637 0.419883 1.60771 6.27412 2 0.210611 
19.3448 5.28244 -0.884029 1.74777 0.678601 1.62885 5.29821 2 0.210142 
25.0032 2.95532 -0.875905 0.703529 0.519456 1.76199 0.802281 1 0.205231 
3.28743 -40.416 -1.91439 3.93388 1.64462 1.54647 1.23959 0 0.18778 
20.6441 -14.6123 -1.04601 1.56992 0.346876 1.57082 6.16351 2 0.183581 
11.5029 -25.8488 -0.470001 0.261707 0.537502 1.78151 5.3699 1 0.170522 
30.912 2.83871 -0.807351 0.827706 0.641314 1.94161 1.81011 1 0.153304 
22.7197 1.22201 -0.925667 0.809628 0.623174 1.71221 3.2001 1 0.15196 
27.0227 -18.45 -0.861773 0.340881 0.558655 1.89411 7.06551 1 0.13292 
12.1358 -35.9422 -0.178361 0.755196 0.698155 1.85604 2.12939 1 0.130852 
9.63865 9.73464 -0.777477 0.781319 0.473761 1.70185 4.63303 1 0.12605 
6.53605 9.79857 -0.749353 1.68821 0.537492 1.63423 6.40891 2 0.124987 
5.46687 -16.9143 -0.656855 0.880747 0.60628 1.81038 2.19407 1 0.120773 
4.50129 -31.6383 -0.27002 0.63819 0.675146 1.91404 2.32857 1 0.118411 
30.5958 0.0959672 -0.729282 0.848505 0.615115 1.90984 2.76196 1 0.115507 
