19.2525 -3.68965 -0.740097 3.76763 1.60757 1.54495 5.98208 0 0.740093 
18.282 -7.31065 -0.547382 1.72744 0.540478 1.77202 6.31237 2 0.478589 
4.5417 -4.49628 -0.85399 0.850171 0.556067 1.64208 6.77895 1 0.409238 
17.0599 -10.0446 -0.436165 1.80083 0.623078 1.61342 1.42686 2 0.342878 
9.90091 10.7317 -0.425665 1.69348 0.568749 1.72844 6.03022 2 0.336388 
15.1356 -6.59018 -0.538978 0.761374 0.619486 1.68178 2.36548 1 0.328185 
0.722697 -19.7156 -0.769028 1.96176 0.540153 1.7745 5.30091 2 0.312211 
10.6192 7.99915 -0.573126 0.819197 0.659451 1.76546 1.55469 1 0.306751 
13.4292 -8.47926 -0.440119 0.857257 0.622619 1.73646 1.98984 1 0.299392 
6.8303 -0.842497 -0.809764 1.11436 0.526243 1.79568 1.19864 1 0.298498 
24.2978 -8.53819 -0.482125 0.812833 0.635635 1.82491 1.86619 1 0.297369 
12.8222 -9.45379 -0.31301 0.816121 0.608459 1.7361 3.55485 1 0.270909 
5.89735 9.09983 -0.495107 1.78584 0.667837 1.814 2.99137 2 0.254315 
6.04734 -5.20397 -0.699496 0.988412 0.608938 1.76952 4.45269 1 0.245292 
9.605 8.24798 -0.623464 0.607018 0.680583 1.68324 5.009 1 0.24003 
8.60833 -1.44492 -0.720286 1.10695 0.695941 1.83918 4.30234 1 0.237727 
5.42674 -8.18925 -0.538077 1.81852 0.647474 1.70029 1.40019 2 0.22431 
13.8518 -7.17753 -0.446756 0.79579 0.579163 1.76921 3.13553 1 0.21963 
19.613 5.99803 -0.658557 1.6742 0.554059 1.70519 2.68385 2 0.216484 
6.43339 -10.347 -0.430078 0.570416 0.614145 1.72691 1.27548 1 0.205013 
12.8627 -11.667 -0.401612 1.65372 0.440828 1.54649 5.92804 2 0.198466 
65.8993 -12.7396 -0.0336179 3.70414 1.70215 1.62973 5.76749 0 0.194018 
5.20661 -5.05583 -0.717563 0.972065 0.546363 1.78218 1.61621 1 0.189847 
15.4387 -9.039 -0.270155 0.819944 0.637671 1.72746 2.58357 1 0.185692 
8.69369 9.37017 -0.489098 0.915132 0.586321 1.77784 4.9905 1 0.185644 
1.16177 -3.96228 -0.92557 0.693688 0.594937 1.63411 3.06037 1 0.183833 
5.15439 -6.48115 -0.664196 0.942464 0.590512 1.73653 4.7356 1 0.182233 
3.50846 9.55281 -0.562897 0.85604 0.585259 1.79081 1.7188 1 0.180772 
14.2074 -7.76108 -0.38012 0.71415 0.586605 1.75298 6.66473 1 0.179665 
6.13018 -1.70681 -0.774671 0.895007 0.615989 1.75516 2.25613 1 0.163517 
4.47064 9.38912 -0.518443 0.831063 0.59146 1.76571 1.7294 1 0.15857 
16.6657 -7.33426 -0.582416 1.74405 0.614991 1.65424 1.25419 2 0.155712 
8.66348 8.46585 -0.529892 0.77356 0.624353 1.73583 3.12984 1 0.151365 
66.6724 -17.1795 -0.794982 4.00256 1.63494 1.53752 1.33933 0 0.146136 
7.7547 9.46431 -0.523587 0.892011 0.578528 1.77352 1.98051 1 0.141583 
14.7123 -7.23656 -0.685683 0.649193 0.427465 1.39083 2.72355 1 0.141567 
3.89612 -7.8357 -0.740567 0.913778 0.494527 1.63848 4.41042 1 0.138917 
6.73836 9.71889 -0.457887 0.842534 0.622548 1.82034 1.70344 1 0.137086 
5.77658 -6.18096 -0.685874 0.981205 0.559636 1.76736 1.3966 1 0.135541 
40.855 -12.5178 -0.0464755 1.7581 0.646543 1.86265 1.35097 2 0.133826 
32.0196 3.92645 -0.613663 1.84779 0.509402 1.7667 2.92598 2 0.131554 
13.1272 21.6378 0.475625 1.68947 0.500732 1.70524 6.29106 2 0.128338 
1.58573 9.78376 -0.573966 0.866966 0.619143 1.79369 1.6185 1 0.125845 
1.89718 -22.6538 -0.899582 0.608645 0.63704 1.79916 5.63556 1 0.120918 
6.7548 -5.86433 -0.639694 0.896813 0.578731 1.74367 4.7493 1 0.120688 
2.83732 -12.6977 -0.554551 0.694526 0.517243 1.56519 5.37285 1 0.112659 
15.7962 -11.3972 -0.33167 0.754107 0.646884 1.80282 6.11907 1 0.112645 
16.2611 -12.3809 -0.330631 1.6445 0.405387 1.67849 5.82088 2 0.11191 
3.86794 10.5103 -0.428183 0.779173 0.582321 1.825 1.96007 1 0.107614 
3.74165 -14.0516 -0.530821 0.504206 0.501888 1.67974 5.87551 1 0.107181 
2.54833 9.77471 -0.577828 0.819849 0.575258 1.83055 1.55101 1 0.106686 
7.03461 -10.5063 -0.320175 0.670355 0.601261 1.72453 4.65605 1 0.103134 
2.93811 10.7121 -0.583751 0.451978 0.615228 1.69937 5.36482 1 0.102852 
