8.77707 -2.98338 -0.814098 3.88975 1.69285 1.66991 6.30499 0 0.964704 
18.4999 -2.98052 -0.685029 3.78673 1.63479 1.6271 6.32893 0 0.925537 
4.83347 6.99836 -0.834414 4.34272 1.7411 1.78895 1.57222 0 0.923034 
13.6536 -2.96529 -0.674103 3.69108 1.64811 1.76032 6.3866 0 0.918729 
12.4734 6.92553 -0.765524 4.32966 1.68256 1.7363 4.71599 0 0.887977 
2.57161 -3.03406 -0.960635 3.89086 1.66225 1.60946 6.28588 0 0.840284 
23.4553 -3.06651 -0.617644 3.80529 1.64352 1.6628 6.36041 0 0.698589 
1.57348 7.14918 -0.788867 4.29363 1.74147 1.72516 4.7659 0 0.459067 
6.80164 -11.7268 -0.71418 0.785139 0.542786 1.4944 4.28194 1 0.351353 
8.70961 -11.1275 -0.539824 1.73426 0.589573 1.66204 1.82418 2 0.340387 
12.8334 -7.14378 -0.56327 1.85717 0.728582 1.70028 1.12529 2 0.3387 
10.8133 -9.7536 -0.460913 1.76211 0.589975 1.73664 5.66622 2 0.33721 
8.29815 -6.55732 -0.634836 0.813777 0.665278 1.74515 1.80391 1 0.321177 
14.7347 -9.53909 -0.495195 0.413178 0.524753 1.66516 2.04956 1 0.292075 
14.7341 -7.52833 -0.515315 0.545773 0.572069 1.73368 1.68284 1 0.261811 
6.66482 -10.5108 -0.550908 0.741924 0.629132 1.65587 3.99938 1 0.26031 
13.3939 11.9873 -0.90721 1.66025 0.469802 1.63769 6.15479 2 0.246084 
1.85711 -8.22019 -0.687189 0.719386 0.616812 1.72902 2.18638 1 0.244429 
17.0363 -6.27909 -0.414866 1.79154 0.749519 1.93692 3.02616 2 0.241609 
5.79459 -11.088 -0.577272 1.69838 0.594181 1.63936 1.81407 2 0.213016 
10.3393 -6.33684 -0.635447 0.790062 0.601204 1.71868 1.84387 1 0.197737 
19.2231 6.31169 -0.67538 0.906008 0.675286 1.91359 1.90552 1 0.196416 
9.5683 -6.92206 -0.563565 0.743678 0.684018 1.75852 5.90944 1 0.17509 
4.73973 -11.1068 -0.601242 0.69084 0.591522 1.66939 3.48102 1 0.169991 
4.86622 -6.9576 -0.66476 0.815847 0.603513 1.76721 0.895847 1 0.160509 
1.78276 -11.087 -0.599876 0.716979 0.563914 1.70324 2.14365 1 0.154881 
19.0886 -6.81049 -0.379118 0.880251 0.642845 1.86339 2.47812 1 0.153052 
7.73564 -9.68095 -0.490595 1.76894 0.536898 1.81211 4.60662 2 0.148462 
33.847 16.3865 -1.11284 3.51989 1.46352 1.45609 4.62953 0 0.140292 
1.29488 -7.14234 -0.797257 0.87629 0.585897 1.69814 4.3775 1 0.140106 
9.57297 -11.3313 -0.532809 0.763659 0.586381 1.64007 5.33592 1 0.139461 
45.8949 -7.8831 -0.356228 0.351342 0.470584 1.79545 1.99482 1 0.136479 
18.3308 -6.27359 -0.297449 0.977707 0.651998 2.01366 1.35069 1 0.133362 
8.6057 6.26944 -0.785877 1.02047 0.576103 1.86258 2.12278 1 0.131492 
11.5102 -6.332 -0.67005 1.63505 0.495953 1.72477 6.13327 2 0.127163 
5.47621 -6.33674 -0.720229 0.776194 0.555356 1.69659 3.76755 1 0.120515 
9.87191 -10.4833 -0.4664 0.749705 0.59363 1.654 2.95474 1 0.114972 
2.92183 -11.7867 -0.527587 0.862041 0.582915 1.79289 2.68465 1 0.114071 
17.7088 -35.1026 -0.561447 1.75027 0.746003 1.87689 4.38501 2 0.108621 
52.9946 19.904 -0.808967 4.21144 1.64067 1.46962 2.30565 0 0.105192 
4.57846 -6.34244 -0.656944 0.880269 0.588308 1.78345 3.88867 1 0.103624 
23.7728 -7.84331 -0.327133 0.621985 0.588257 1.89023 1.76601 1 0.10243 
2.53463 -10.7733 -0.643446 0.745787 0.471046 1.66803 1.82718 1 0.100136 
