26.7811 -5.25821 -0.605863 1.87058 0.4402 1.78185 5.68033 2 0.466695 
24.1605 -5.93833 -0.696425 1.71301 0.485954 1.67229 6.14546 2 0.332315 
27.2935 -7.92049 -0.663985 0.601356 0.670192 1.73803 6.53683 1 0.26652 
21.0958 -5.98011 -0.842752 0.845945 0.540287 1.4812 3.20024 1 0.261139 
9.32854 -19.4307 -1.0627 0.748696 0.666591 1.87161 2.72353 1 0.234371 
8.94905 -7.89892 -0.662079 0.565682 0.627299 1.77233 5.17199 1 0.227031 
6.09187 -6.24926 -0.784474 0.839683 0.587696 1.70181 5.16974 1 0.22639 
33.1271 20.3174 -0.722457 1.78986 0.663894 1.86215 4.88413 2 0.214302 
16.1028 -5.9641 -0.704075 1.74117 0.505352 1.76131 6.12852 2 0.213726 
18.9776 -6.00945 -0.723103 1.80532 0.702872 1.6968 1.78175 2 0.206717 
5.17628 -5.95037 -0.796569 0.88719 0.561233 1.68821 1.70468 1 0.194082 
2.576 -5.65799 -0.6415 0.968164 0.644864 1.9128 1.48749 1 0.193718 
11.2423 -6.1711 -0.751308 1.78632 0.647277 1.67425 0.986025 2 0.191528 
3.54872 -6.32506 -0.864408 0.852106 0.612574 1.60797 5.45177 1 0.18871 
11.2903 23.6679 -0.629989 1.96402 0.643081 1.7123 5.39965 2 0.186654 
3.8809 -19.4682 -0.915975 0.6581 0.619166 1.8794 2.52703 1 0.174248 
9.73733 -6.17361 -0.717158 0.703279 0.605363 1.72066 1.5838 1 0.168783 
8.72211 -6.02697 -0.732009 0.848427 0.557101 1.74762 4.86725 1 0.165072 
4.51322 -6.15852 -0.766466 0.91548 0.601534 1.70352 1.61845 1 0.150414 
15.8085 -17.4667 -0.871118 0.414872 0.779712 1.90981 5.8604 1 0.14377 
12.5414 -5.71554 -0.687253 0.757768 0.596507 1.77735 1.5953 1 0.141273 
24.2123 -16.7978 -1.09945 1.60037 0.489828 1.7374 3.374 2 0.139499 
16.9877 0.0769253 -0.799166 0.529636 0.500647 1.70249 1.08327 1 0.138774 
8.07807 -8.17882 -0.65768 0.95724 0.546721 1.77877 4.36398 1 0.129705 
17.2943 -6.19722 -0.815211 0.570628 0.677466 1.57732 4.03381 1 0.128218 
13.209 -5.93777 -0.747337 0.625623 0.634655 1.70612 5.45057 1 0.127629 
10.8459 -19.0885 -1.3193 0.637216 0.527072 1.58653 2.21364 1 0.124853 
1.29587 -5.94463 -0.843445 0.91454 0.605694 1.69188 4.98087 1 0.124252 
4.42806 21.3648 -0.4648 0.615311 0.575712 1.62491 1.93809 1 0.122715 
25.6554 -5.29473 -0.638958 0.727164 0.616451 1.71331 1.9312 1 0.118025 
31.6696 -17.8563 -1.26913 3.47422 1.59415 1.53814 6.34723 0 0.117883 
13.5516 -8.2436 -0.680126 0.708125 0.598059 1.73672 2.66287 1 0.117757 
5.7302 -8.13216 -0.669967 0.894231 0.624892 1.79602 3.68212 1 0.117539 
8.05967 -6.95053 -0.726516 0.85259 0.570674 1.71929 1.75957 1 0.116987 
8.98909 9.26626 -1.01809 0.557468 0.470109 1.48716 1.64291 1 0.112496 
10.5803 -5.98965 -0.740303 0.622673 0.63006 1.71637 5.81581 1 0.110386 
16.9837 16.276 -0.907625 1.9821 0.746862 1.62846 4.81809 2 0.104178 
3.04549 8.52231 -0.939143 1.81389 0.773246 1.64262 6.51689 2 0.103225 
14.7827 -5.92993 -0.799134 0.620256 0.596527 1.68939 5.33622 1 0.102351 
17.6844 24.915 -0.500047 0.654089 0.602425 1.8216 5.92943 1 0.102325 
39.3308 21.0083 -0.671387 1.83971 0.636165 1.79506 5.12689 2 0.100492 
15.5176 8.8299 -0.877179 1.77004 0.539156 1.68279 6.46174 2 0.100439 
10.9984 9.08652 -0.960448 0.597335 0.667103 1.58511 6.43191 1 0.100166 
17.4402 8.85622 -0.901139 1.67877 0.527231 1.62549 3.15773 2 0.10016 
