4.44443 -13.5848 -0.46886 3.94899 1.53117 1.75503 6.24751 0 0.927394 
14.677 -13.7203 -0.334846 4.76622 1.8582 1.8811 6.29561 0 0.890926 
28.1748 0.756614 -0.700517 4.47439 1.82841 1.69075 6.37885 0 0.833883 
53.7287 3.75574 -0.276835 3.95428 1.73765 1.69261 6.36484 0 0.352607 
1.65819 -6.33894 -0.944727 0.7741 0.459857 1.46135 2.91667 1 0.268584 
24.4708 26.793 -0.538235 1.95158 0.495696 1.67332 5.66459 2 0.24884 
38.9506 31.5794 -0.570084 1.82918 0.653063 1.78284 5.24418 2 0.232531 
4.47129 -6.36518 -0.943147 0.659254 0.324672 1.25909 3.23725 1 0.187347 
14.6878 6.56224 -0.920903 1.80096 0.525113 1.7757 6.16765 2 0.18553 
2.69751 -15.2281 -0.491833 0.695977 0.622703 1.65974 2.21353 1 0.178343 
28.3329 -15.9164 -0.0929502 0.78716 0.620714 1.80146 2.59415 1 0.177898 
30.9137 19.0238 -0.525556 1.78634 0.70634 1.87917 4.80683 2 0.177315 
28.3999 18.6563 -0.780383 3.74922 1.63696 1.47758 4.70429 0 0.159545 
27.0417 -15.578 -0.111171 0.882799 0.698995 1.88763 3.06713 1 0.15779 
19.5697 -15.001 -0.379992 0.641125 0.544248 1.8428 0.919807 1 0.156108 
8.13337 -15.2548 -0.38744 1.66742 0.390112 1.6182 6.21106 2 0.155882 
15.69 -7.07762 -0.723015 1.53129 0.578603 1.60443 1.47885 2 0.14521 
10.1924 -6.33549 -0.862194 0.484392 0.38541 1.28315 3.85655 1 0.133663 
2.66092 33.4141 -0.164728 1.81505 0.664442 1.76579 2.01295 2 0.12896 
11.9595 14.9436 -0.0929952 4.01285 1.64915 1.64356 2.21911 0 0.128758 
5.02789 15.8903 -0.229487 3.80157 1.76537 1.5851 2.8683 0 0.128375 
29.8667 -14.562 -0.283044 1.83959 0.759352 1.64934 4.29049 2 0.127469 
7.40696 -6.25338 -0.631565 0.899198 0.477976 1.78697 1.14946 1 0.126448 
13.2753 -7.28894 -0.728735 0.517428 0.556742 1.44761 6.18765 1 0.124342 
37.5596 19.0662 -0.510018 1.71956 0.683794 1.92538 4.72296 2 0.124284 
33.4883 19.062 -0.471446 1.83715 0.707874 1.87559 4.76664 2 0.124004 
21.5656 19.911 -0.111524 4.19476 1.65415 1.54608 1.68412 0 0.122167 
14.1588 16.5358 -0.246193 3.6485 1.57353 1.55734 2.48834 0 0.120102 
45.0504 29.4252 -0.637487 1.79362 0.62488 1.80474 4.86715 2 0.118494 
16.3645 20.7426 0.0516481 1.83385 0.625361 1.70324 5.1163 2 0.116315 
32.1909 14.6473 -0.216816 1.77265 0.700518 1.8268 4.70276 2 0.116222 
6.52333 6.59082 -0.906763 0.766722 0.631902 1.79683 4.19746 1 0.115585 
1.34966 19.4631 -0.424679 3.66141 1.65781 1.50783 6.33911 0 0.113381 
31.068 -14.9235 -0.0740084 1.71377 0.417613 1.69215 6.00175 2 0.112368 
46.635 25.783 -0.646563 1.83215 0.712938 1.80846 4.78824 2 0.111165 
19.6472 23.0065 -0.13024 1.84872 0.562812 1.58788 5.24354 2 0.107432 
29.1501 -16.2287 -0.0541518 0.523931 0.635141 1.8113 5.67097 1 0.102687 
1.90201 30.4257 -0.119691 1.90867 0.591671 1.59426 5.04679 2 0.102144 
38.2327 -14.3954 -0.00120252 0.64663 0.599715 1.77861 2.25457 1 0.101736 
